MEME version 4

ALPHABET= ACGT

strands: + -

Background letter frequencies (from uniform background):
A 0.25000 C 0.25000 G 0.25000 T 0.25000

MOTIF motifs/Hughes/Autoseed_SmileSeq/GATA3.NA@SMS@stealthy-jade-skunk@AJolma.Autoseed@Multinom1_OneHitAllReads_Seed_NGATAA.ppm GATA3 AGATAA
letter-probability matrix: alength= 4 w= 6 nsites= 0 E= 0
 0.01359009  0.42184444  0.33478762  0.22977784
        1.0         0.0         0.0         0.0
        0.0         1.0         0.0         0.0
        0.0         0.0         1.0         0.0
        0.0  0.84324256  0.15675744         0.0
 0.12953956  0.80824416         0.0  0.06221628

MOTIF motifs/Hughes/SMSPublished/Meme/GATA3.NA@SMS@stealthy-jade-skunk@Hughes.Meme@meme2.ppm GATA3 GGGTGGGGGGTCGGA
letter-probability matrix: alength= 4 w= 15 nsites= 1 E= 0
   0.533333         0.0    0.266667         0.2
   0.733333         0.0         0.0    0.266667
   0.866667         0.0    0.133333         0.0
        0.0         0.2         0.4         0.4
        0.6         0.0         0.0         0.4
   0.933333         0.0    0.066667         0.0
        0.6    0.266667    0.133333         0.0
   0.533333         0.0         0.0    0.466667
   0.933333    0.066667         0.0         0.0
        1.0         0.0         0.0         0.0
   0.466667         0.0    0.533333         0.0
   0.066667         0.0    0.333333         0.6
   0.466667    0.133333    0.066667    0.333333
 0.86666613  0.06666693         0.0  0.06666693
   0.466667    0.533333         0.0         0.0

MOTIF motifs/Hughes/SMSPublished/Meme/GATA3.NA@SMS@stealthy-jade-skunk@Hughes.Meme@meme3.ppm GATA3 GGGCGGAGGGC
letter-probability matrix: alength= 4 w= 11 nsites= 1 E= 0
        1.0         0.0         0.0         0.0
        1.0         0.0         0.0         0.0
        1.0         0.0         0.0         0.0
        0.0         0.0         0.0         1.0
        1.0         0.0         0.0         0.0
        1.0         0.0         0.0         0.0
        0.0         1.0         0.0         0.0
        1.0         0.0         0.0         0.0
        1.0         0.0         0.0         0.0
        1.0         0.0         0.0         0.0
        0.0         0.0         0.0         1.0

MOTIF motifs/Hughes/SMSPublished/Meme/GATA3.NA@SMS@stealthy-jade-skunk@Hughes.Meme@meme1.ppm GATA3 CTTATC
letter-probability matrix: alength= 4 w= 6 nsites= 1 E= 0
   0.268798    0.166641    0.196312    0.368249
   0.092425    0.128729    0.607301    0.171545
 0.02044698  0.21444379  0.76499224    0.000117
   0.000117    0.999608    0.000158    0.000117
   0.000117    0.000158    0.999608    0.000117
        0.0         0.0         0.0         1.0

MOTIF motifs/Hughes/SMSPublished/Streme/GATA3.NA@SMS@stealthy-jade-skunk@Hughes.Streme@streme2.ppm GATA3 TAATCAGAAAT
letter-probability matrix: alength= 4 w= 11 nsites= 1 E= 0
   0.001131    0.001526    0.996212    0.001131
   0.001131    0.996212    0.001526    0.001131
 0.07481007  0.92253292    0.001526    0.001131
   0.037971    0.001526    0.959372    0.001131
   0.037971    0.112045    0.038366    0.811618
 0.14848985  0.66465434  0.18572481    0.001131
   0.922137    0.038366    0.001526    0.037971
   0.001131    0.443602    0.259419    0.295848
 0.18532919  0.81201381    0.001526    0.001131
   0.001131    0.517296    0.185725    0.295848
    0.14849    0.333098    0.517281    0.001131

MOTIF motifs/Hughes/SMSPublished/Streme/GATA3.NA@SMS@stealthy-jade-skunk@Hughes.Streme@streme1.ppm GATA3 GATAAGATCTTTAT
letter-probability matrix: alength= 4 w= 14 nsites= 1 E= 0
   0.996976    0.002954       4e-05       3e-05
      3e-05      0.9931     0.00684       3e-05
   0.001973       4e-05    0.997957       3e-05
      3e-05     0.80579    0.187351    0.006829
 0.17487817  0.67505668  0.03889504  0.11117011
   0.383962     0.12632     0.15295    0.336768
 0.27533328  0.43562144  0.13198213  0.15706316
 0.18151282  0.28448972   0.3023767  0.23162077
   0.212194    0.268947    0.217464    0.301395
   0.249912    0.216493      0.3006    0.232995
 0.19122619  0.27494027  0.31289731  0.22093622
   0.193169     0.24272    0.290885    0.273226
 0.21243121  0.29226029  0.25631926  0.23898924
 0.25979174  0.23260277  0.27768972  0.22991577

MOTIF motifs/Hughes/SMSPublished/Streme/GATA3.NA@SMS@stealthy-jade-skunk@Hughes.Streme@streme4.ppm GATA3 GATATATGC
letter-probability matrix: alength= 4 w= 9 nsites= 1 E= 0
   0.850602    0.002928    0.002928    0.143542
    0.00217     0.85136      0.1443     0.00217
 0.28502771    0.002928  0.70987429     0.00217
    0.00217    0.992732    0.002928     0.00217
    0.00217      0.0736     0.92206     0.00217
   0.072842     0.92206    0.002928     0.00217
    0.00217    0.002928    0.992732     0.00217
   0.991974    0.002928    0.002928     0.00217
    0.00217    0.002928    0.002928    0.991974

MOTIF motifs/Hughes/SMSPublished/Streme/GATA3.NA@SMS@stealthy-jade-skunk@Hughes.Streme@streme3.ppm GATA3 AATCTAGATT
letter-probability matrix: alength= 4 w= 10 nsites= 0 E= 0
 0.08875609  0.71875672    0.001213  0.19127419
 0.07411907  0.89448289  0.01585602  0.01554202
   0.030185    0.059785    0.909131    0.000899
 0.19126781  0.08907691   0.1037199  0.61593538
   0.059471     0.14766    0.777327    0.015542
   0.015542    0.777327     0.14766    0.059471
 0.61593538   0.1037199  0.08907691  0.19126781
   0.000899    0.909131    0.059785    0.030185
 0.01554202  0.01585602  0.89448289  0.07411907
 0.19127419    0.001213  0.71875672  0.08875609

MOTIF motifs/Hughes/SMSPublished/Homer/GATA3.NA@SMS@stealthy-jade-skunk@Hughes.Homer@homer1.ppm GATA3 GGATCTTATC
letter-probability matrix: alength= 4 w= 10 nsites= 1 E= 0
      0.353       0.235       0.196       0.216
 0.39339339   0.2962963  0.21421421   0.0960961
      0.241       0.381       0.246       0.132
 0.20720721  0.02702703  0.49249249  0.27327327
      0.203       0.091       0.104       0.602
      0.007       0.001       0.985       0.007
      0.001       0.013       0.985       0.001
      0.001       0.997       0.001       0.001
      0.001       0.001       0.997       0.001
      0.001       0.001       0.001       0.997

MOTIF motifs/Hughes/SMSPublished/Homer/GATA3.NA@SMS@stealthy-jade-skunk@Hughes.Homer@homer3.ppm GATA3 CGATCTCAGA
letter-probability matrix: alength= 4 w= 10 nsites= 0 E= 0
      0.207       0.248       0.252       0.293
      0.546       0.122       0.193       0.139
      0.067       0.809       0.044        0.08
      0.099       0.074       0.754       0.073
      0.112       0.226       0.132        0.53
      0.158       0.116       0.634       0.092
      0.152       0.177       0.155       0.516
      0.143       0.552       0.183       0.122
       0.53       0.187        0.15       0.133
      0.222       0.282       0.269       0.227

MOTIF motifs/Hughes/SMSPublished/Homer/GATA3.NA@SMS@stealthy-jade-skunk@Hughes.Homer@homer2.ppm GATA3 GATAAAAATCTG
letter-probability matrix: alength= 4 w= 12 nsites= 1 E= 0
      0.997       0.001       0.001       0.001
      0.067       0.931       0.001       0.001
      0.001       0.001       0.997       0.001
      0.001       0.372       0.354       0.273
      0.001       0.574       0.144       0.281
      0.068       0.726       0.001       0.205
 0.36436436  0.41741742  0.15015015  0.06806807
      0.001       0.997       0.001       0.001
      0.001       0.001       0.931       0.067
      0.001       0.074       0.001       0.924
      0.285       0.001       0.713       0.001
      0.576       0.274       0.075       0.075

MOTIF motifs/jangrau/SMS.published/GATA3.NA@SMS@stealthy-jade-skunk@Halle.Dimont@Motif_1_posneg_frompredictions.pcm GATA3 AGATAAGA
letter-probability matrix: alength= 4 w= 8 nsites= 39914 E= 0
        0.0   0.7410683   0.1516761   0.1072556
        1.0         0.0         0.0         0.0
        0.0         1.0         0.0         0.0
        0.0         0.0         1.0         0.0
        0.0         1.0         0.0         0.0
 0.08886606  0.80457985  0.10655409         0.0
  0.4345593  0.14100316  0.09327554    0.331162
 0.30157338  0.47672496  0.09214812  0.12955354

MOTIF motifs/jangrau/SMS.published/GATA3.NA@SMS@stealthy-jade-skunk@Halle.Dimont@Motif_1_posneg_astrained.ppm GATA3 AGATAAGA
letter-probability matrix: alength= 4 w= 8 nsites= 1 E= 0
 0.03075137  0.53263267  0.21863003  0.21798592
 0.99760152  0.00089051   0.0004296  0.00107837
 0.00144653  0.99561516  0.00109225  0.00184607
 0.01111073   0.0050473  0.96897609  0.01486588
 0.04003563  0.66232603  0.18449073  0.11314761
 0.22757208  0.46104894  0.19443636  0.11694262
 0.31750316  0.21774471  0.17793328  0.28681884
  0.2594611  0.34406773  0.18875572  0.20771546

MOTIF motifs/VIGG/SMS/GATA3.NA@SMS@stealthy-jade-skunk@autosome-ru.ChIPMunk@topk_k=5_cpm=100000_topk=1000.pcm GATA3 TCAGATAAGAT
letter-probability matrix: alength= 4 w= 11 nsites= 791 E= 0
 0.13621997  0.23230088  0.37515803  0.25632111
 0.16687737  0.15929204  0.21744627  0.45638432
 0.00632111  0.43489254  0.31605563  0.24273072
        1.0         0.0         0.0         0.0
        0.0         1.0         0.0         0.0
        0.0         0.0         1.0         0.0
        0.0         1.0         0.0         0.0
 0.00252845  0.99747155         0.0         0.0
 0.47914033  0.16434893  0.04551201  0.31099874
 0.29077118  0.37926675  0.09355247  0.23640961
 0.26927939  0.25410872  0.29835651  0.17825537

MOTIF motifs/VIGG/SMS/GATA3.NA@SMS@stealthy-jade-skunk@autosome-ru.ChIPMunk@topk_k=5_cpm=100000_topk=500.pcm GATA3 ATCTTATCTGA
letter-probability matrix: alength= 4 w= 11 nsites= 378 E= 0
 0.19113757  0.33399471  0.19907407  0.27579365
 0.24074074  0.07671958  0.41005291  0.27248677
 0.32010582  0.01058201  0.08465608  0.58465608
        0.0         0.0         1.0         0.0
        0.0         0.0         1.0         0.0
        0.0         1.0         0.0         0.0
        0.0         0.0         1.0         0.0
        0.0         0.0         0.0         1.0
  0.1957672  0.34920635  0.45238095   0.0026455
  0.4973545  0.19312169  0.16666667  0.14285714
 0.26124339  0.38558201  0.24537037  0.10780423

MOTIF motifs/VIGG/SMS/GATA3.NA@SMS@stealthy-jade-skunk@autosome-ru.ChIPMunk@topk_k=5_cpm=100000_topk=2000.pcm GATA3 TCAGATAAGAT
letter-probability matrix: alength= 4 w= 11 nsites= 1352 E= 0
 0.13794379  0.20673077  0.39238166  0.26294379
 0.16272189   0.1545858  0.21671598  0.46597633
 0.00147929  0.44230769  0.30399408  0.25221893
        1.0         0.0         0.0         0.0
        0.0         1.0         0.0         0.0
        0.0         0.0         1.0         0.0
        0.0  0.99630178  0.00369822         0.0
 0.01109467   0.9852071         0.0  0.00369822
 0.48594675  0.18121302  0.04363905  0.28920118
  0.3091716  0.36908284  0.08801775  0.23372781
 0.26423817  0.26571746  0.27903107  0.19101331
