MEME version 4

ALPHABET= ACGT

strands: + -

Background letter frequencies (from uniform background):
A 0.25000 C 0.25000 G 0.25000 T 0.25000

MOTIF motifs/Hughes/Autoseed_SmileSeq/CTCF.NA@SMS@snappy-grey-markhor@AJolma.Autoseed@Multinom1_OneHitAllReads_Seed_NCGCCCCCTNNNGN.ppm CTCF GCGCCCCCTACCGG
letter-probability matrix: alength= 4 w= 14 nsites= 1 E= 0
 0.47052897  0.28261965   0.1138539  0.13299748
 0.05471125  0.05200946  0.22289767  0.67038163
 0.67886457  0.10943912  0.11046512  0.10123119
 0.01670844  0.12030075  0.03383459  0.82915622
 0.03388278  0.03296703   0.0242674  0.90888278
 0.09305211  0.23356079  0.05769231  0.61569479
 0.01971738  0.04797897  0.27998686  0.65231679
  0.0214808  0.02513711  0.04616088  0.90722121
 0.08423833  0.15761667  0.58262401  0.17552099
 0.29219144  0.41410579  0.15264484  0.14105793
 0.27872984  0.12802419  0.18296371  0.41028226
 0.11239919  0.20816532  0.28326613  0.39616935
  0.6885189  0.07075963  0.15712799  0.08359348
 0.47858942  0.20251889  0.16020151  0.15869018

MOTIF motifs/Hughes/SMSPublished/Meme/CTCF.NA@SMS@snappy-grey-markhor@Hughes.Meme@meme3.ppm CTCF AGTGCCCCTAGCGGC
letter-probability matrix: alength= 4 w= 15 nsites= 1 E= 0
   0.307692    0.692308         0.0         0.0
 0.46153846  0.30769231         0.0  0.23076923
 0.19230781  0.11538488  0.34615365  0.34615365
   0.423077    0.230769    0.076923    0.269231
        0.0         0.0         0.0         1.0
        0.0  0.03846196  0.11538488  0.84615315
        0.0         0.0    0.153846    0.846154
        0.0         0.0         0.0         1.0
   0.076923         0.0    0.884615    0.038462
   0.038462    0.730769    0.076923    0.153846
   0.769231         0.0         0.0    0.230769
        0.0    0.038462    0.153846    0.807692
   0.923077         0.0    0.076923         0.0
   0.615385    0.307692    0.076923         0.0
   0.038462    0.076923    0.307692    0.576923

MOTIF motifs/Hughes/SMSPublished/Meme/CTCF.NA@SMS@snappy-grey-markhor@Hughes.Meme@meme2.ppm CTCF CTCTTCCGATCTTTA
letter-probability matrix: alength= 4 w= 15 nsites= 1 E= 0
        0.0    0.285714         0.0    0.714286
        0.0         0.0         1.0         0.0
        0.0         0.0    0.142857    0.857143
        0.0         0.0         1.0         0.0
        0.0         0.0         1.0         0.0
        0.0    0.285714         0.0    0.714286
        0.0         0.0    0.142857    0.857143
        1.0         0.0         0.0         0.0
   0.285714    0.714286         0.0         0.0
        0.0         0.0         1.0         0.0
        0.0         0.0         0.0         1.0
        0.0         0.0         1.0         0.0
 0.14285714  0.28571429  0.42857143  0.14285714
   0.142857         0.0    0.571429    0.285714
        0.0         1.0         0.0         0.0

MOTIF motifs/Hughes/SMSPublished/Meme/CTCF.NA@SMS@snappy-grey-markhor@Hughes.Meme@meme1.ppm CTCF TAGGGGGCGCT
letter-probability matrix: alength= 4 w= 11 nsites= 1 E= 0
   0.061475    0.155738    0.565574    0.217213
 0.15163915  0.75000075  0.07377007  0.02459002
   0.987705         0.0         0.0    0.012295
       0.75    0.241803    0.008197         0.0
   0.684426    0.008197    0.245902    0.061475
   0.995902         0.0    0.004098         0.0
 0.88114712         0.0   0.0983609  0.02049198
 0.04508195  0.02868897  0.03278697  0.89344211
 0.87295187  0.10655711    0.004098  0.01639302
   0.209016    0.086066    0.135246    0.569672
 0.11475389  0.17622982  0.50819649   0.2008198

MOTIF motifs/Hughes/SMSPublished/Streme/CTCF.NA@SMS@snappy-grey-markhor@Hughes.Streme@streme1.ppm CTCF AGGGGGCGCTA
letter-probability matrix: alength= 4 w= 11 nsites= 1 E= 0
   0.167053    0.674038    0.131557    0.027352
   0.940611    0.059062     0.00016    0.000167
 0.76988577  0.22072622  0.00922101    0.000167
 0.64045636  0.01828498  0.26030674  0.08095192
   0.994983     0.00469     0.00016    0.000167
   0.884358     0.00016     0.09719    0.018292
   0.000167    0.031875    0.027345    0.940613
   0.899832    0.099841     0.00016    0.000167
   0.214238    0.075731    0.133447    0.576584
 0.08933809  0.16833717  0.55527756  0.18704719
   0.276217    0.342419    0.122494     0.25887

MOTIF motifs/Hughes/SMSPublished/Streme/CTCF.NA@SMS@snappy-grey-markhor@Hughes.Streme@streme4.ppm CTCF GCTCTTCCCAGCT
letter-probability matrix: alength= 4 w= 13 nsites= 0 E= 0
 0.99408499    0.001941    0.001941    0.002033
   0.112237    0.001941    0.167246    0.718576
   0.002033    0.001941  0.99399299    0.002033
   0.057135    0.112145    0.057043    0.773677
   0.057135    0.112145    0.773585    0.057135
   0.002033  0.05704306  0.93889094    0.002033
   0.112237    0.001941    0.112145    0.773677
   0.002033    0.112145    0.112145    0.773677
   0.443068    0.057043    0.001941    0.497948
 0.38774539  0.60828061    0.001941    0.002033
    0.55305    0.057043    0.387874    0.002033
 0.05713494  0.11214489  0.11214489  0.71857528
   0.002033  0.16724617  0.82868783    0.002033

MOTIF motifs/Hughes/SMSPublished/Streme/CTCF.NA@SMS@snappy-grey-markhor@Hughes.Streme@streme3.ppm CTCF CTCACTCCAAC
letter-probability matrix: alength= 4 w= 11 nsites= 1 E= 0
 0.03966096    0.001348  0.15434485   0.8046462
   0.001412  0.19259381   0.8045822    0.001412
   0.001412    0.039597    0.077846    0.881145
   0.001412  0.95757904  0.03959696    0.001412
   0.001412  0.15434485  0.07784592  0.76639723
   0.001412  0.03959696  0.95757904    0.001412
   0.039661    0.077846    0.077846    0.804647
    0.07791    0.077846    0.001348    0.842896
 0.03966104  0.72808473  0.11609512  0.11615912
    0.07791    0.613336    0.039597    0.269157
 0.15440885  0.15434485    0.001348  0.68989831

MOTIF motifs/Hughes/SMSPublished/Streme/CTCF.NA@SMS@snappy-grey-markhor@Hughes.Streme@streme2.ppm CTCF CCACTAGGGGGCGT
letter-probability matrix: alength= 4 w= 14 nsites= 0 E= 0
 0.01490701  0.11551612  0.17302117   0.6965557
   0.072412    0.000506    0.014883    0.912199
 0.33118433   0.6043096    0.000506  0.06400006
   0.115541    0.020847    0.014883    0.848729
 0.04365904  0.17302117  0.68215568   0.1011641
   0.029283     0.85467    0.058011    0.058036
   0.926575    0.058011    0.014883    0.000531
   0.667803    0.201774     0.10114    0.029283
   0.618709     0.16461    0.187398    0.029283
   0.768437    0.058011    0.129893    0.043659
   0.589957    0.058011    0.129893    0.222139
 0.07241193  0.18739781  0.08676391  0.65342635
   0.431818     0.27962    0.201774    0.086788
 0.18742181  0.08676391   0.4952635  0.23055077

MOTIF motifs/Hughes/SMSPublished/Homer/CTCF.NA@SMS@snappy-grey-markhor@Hughes.Homer@homer3.ppm CTCF TTCCGAAC
letter-probability matrix: alength= 4 w= 8 nsites= 1 E= 0
      0.062       0.001       0.809       0.128
       0.03       0.001       0.939        0.03
      0.087       0.001       0.022        0.89
      0.339        0.03       0.001        0.63
      0.923       0.001       0.001       0.075
      0.001       0.816       0.153        0.03
      0.063       0.741       0.099       0.097
      0.073       0.337       0.083       0.507

MOTIF motifs/Hughes/SMSPublished/Homer/CTCF.NA@SMS@snappy-grey-markhor@Hughes.Homer@homer2.ppm CTCF CCCCTAGCGG
letter-probability matrix: alength= 4 w= 10 nsites= 1 E= 0
      0.001       0.001       0.001       0.997
      0.001       0.152       0.001       0.846
      0.001       0.001       0.427       0.571
      0.001       0.001       0.001       0.997
      0.001       0.001       0.997       0.001
      0.226       0.772       0.001       0.001
      0.671       0.001       0.164       0.164
      0.001       0.109       0.345       0.545
      0.997       0.001       0.001       0.001
       0.67       0.328       0.001       0.001

MOTIF motifs/Hughes/SMSPublished/Homer/CTCF.NA@SMS@snappy-grey-markhor@Hughes.Homer@homer1.ppm CTCF AGGGGGCGCT
letter-probability matrix: alength= 4 w= 10 nsites= 1 E= 0
      0.133       0.727       0.083       0.057
       0.91       0.037        0.03       0.023
      0.752       0.185       0.037       0.026
       0.72       0.037       0.143         0.1
      0.937       0.026       0.017        0.02
       0.91       0.007       0.053        0.03
      0.033       0.066       0.066       0.835
      0.856       0.079        0.03       0.035
      0.106       0.068        0.06       0.766
      0.051       0.169       0.592       0.188

MOTIF motifs/jangrau/PBM.SDQN/CTCF.NA@PBM.ME@bluesy-corn-whale@Halle.Dimont@Motif_1_frompredictions.pcm CTCF TATATTACT
letter-probability matrix: alength= 4 w= 9 nsites= 1505 E= 0
  0.0538206  0.17873754  0.69966777  0.06777409
 0.20066445   0.6192691  0.18006645         0.0
        0.0         0.0         1.0         0.0
        0.0   0.8179402   0.1820598         0.0
        0.0  0.24916944  0.75083056         0.0
        0.0         0.0         1.0         0.0
 0.02059801  0.55548173  0.41196013  0.01196013
 0.07641196  0.33421927   0.1654485  0.42392027
 0.03056478  0.08106312  0.52093023  0.36744186

MOTIF motifs/jangrau/PBM.SDQN/CTCF.NA@PBM.ME@bluesy-corn-whale@Halle.Dimont@Motif_1_astrained.ppm CTCF TATATTTCT
letter-probability matrix: alength= 4 w= 9 nsites= 1 E= 0
 0.16477461  0.22317308  0.40255066  0.20950165
 0.27408337  0.43900408   0.2709186  0.01599396
 0.05231538  0.16616138  0.61117684  0.17034639
 0.16447812  0.45053426  0.32834873  0.05663889
 0.14155102  0.28507988  0.46605904  0.10731007
 0.01588954   0.0139216  0.94052869  0.02966017
 0.17623336  0.32345699  0.36159102  0.13871864
   0.211405  0.28558348  0.20503397  0.29797756
 0.17624297  0.18257043  0.34525016  0.29593644

MOTIF motifs/jangrau/SMS.published/CTCF.NA@SMS@snappy-grey-markhor@Halle.Dimont@Motif_1_posneg_frompredictions.pcm CTCF GCGCCCCCTA
letter-probability matrix: alength= 4 w= 10 nsites= 4859 E= 0
 0.57233999  0.18728133  0.08664334  0.15373534
 0.01090759  0.02613707  0.11010496  0.85285038
 0.84729368  0.03251698  0.08602593  0.03416341
 0.00740893  0.08170405  0.01070179  0.90018522
 0.00246964         0.0  0.00102902  0.99650134
 0.05721342  0.23543939  0.04177814  0.66556905
 0.00391027  0.01811072  0.24058448  0.73739453
        0.0         0.0  0.01934554  0.98065446
 0.01317143  0.03745627  0.85614324  0.09322906
 0.24305413  0.57007615  0.12615765  0.06071208

MOTIF motifs/jangrau/SMS.published/CTCF.NA@SMS@snappy-grey-markhor@Halle.Dimont@Motif_1_posneg_astrained.ppm CTCF GCGCCCCCTA
letter-probability matrix: alength= 4 w= 10 nsites= 0 E= 0
 0.57550625  0.15263611  0.12859089  0.14326675
  0.0202625  0.05064164  0.10689904  0.82219682
 0.83132125   0.0280988  0.11382455  0.02675541
 0.02819384  0.10168631  0.02685935  0.84326051
 0.01931382  0.00580218  0.00929622  0.96558777
 0.10703224  0.26465277  0.10001705  0.52829794
 0.01677668  0.02661863   0.3169901  0.63961459
 0.00312894  0.00603945  0.05830258  0.93252903
 0.02679673  0.03117664  0.87130768  0.07071894
 0.26881298  0.53483055  0.13454719  0.06180928

MOTIF motifs/jangrau/PBM.QNZS/CTCF.NA@PBM.ME@queasy-aquamarine-horse@Halle.Dimont@Motif_2_astrained.ppm CTCF CGCCACTAGG
letter-probability matrix: alength= 4 w= 10 nsites= 1 E= 0
 0.06216916  0.19404624  0.29304283  0.45074176
 0.59828422  0.33361615  0.04376097  0.02433866
 0.01935847  0.14470851  0.05820534  0.77772769
 0.16076018  0.06455147  0.05778876  0.71689959
 0.25749186  0.43385452  0.10464667  0.20400695
 0.18381372  0.06375162     0.13967  0.61276467
 0.03099309  0.07123755  0.62176058  0.27600877
 0.01872368   0.7633526  0.15945457  0.05846916
 0.63386648  0.07689163  0.13469735  0.15454454
 0.54484892  0.10908587  0.26520982  0.08085539

MOTIF motifs/jangrau/PBM.QNZS/CTCF.NA@PBM.ME@queasy-aquamarine-horse@Halle.Dimont@Motif_1_astrained.ppm CTCF TTTTATTCCTGT
letter-probability matrix: alength= 4 w= 12 nsites= 1 E= 0
 0.20200427  0.29388346  0.35785618  0.14625609
 0.18999892  0.27731064  0.38996867  0.14272177
 0.11760354   0.3934929   0.4123564  0.07654716
 0.03150801  0.39376782  0.50327876  0.07144541
 0.03047114  0.46386062  0.40490848  0.10075976
 0.05695032  0.37631071  0.46655316  0.10018581
 0.07465718  0.30850211  0.49482793  0.12201278
 0.09232976  0.20828835  0.28952778  0.40985411
 0.14738959  0.14683219  0.22663725  0.47914096
 0.04531352  0.03394863  0.64125919  0.27947866
 0.57407247  0.15164048  0.16759867  0.10668838
 0.03201795  0.14997703  0.61021539  0.20778963

MOTIF motifs/jangrau/PBM.QNZS/CTCF.NA@PBM.ME@queasy-aquamarine-horse@Halle.Dimont@Motif_1_frompredictions.pcm CTCF TTATATTCCTGT
letter-probability matrix: alength= 4 w= 12 nsites= 1264 E= 0
 0.19224684  0.30300633  0.39398734  0.11075949
 0.18591772  0.26582278  0.42879747  0.11946203
 0.04984177   0.4778481  0.46518987  0.00712025
        0.0  0.42167722  0.57832278         0.0
        0.0  0.52848101  0.45174051  0.01977848
        0.0  0.42484177  0.55458861  0.02056962
 0.00158228  0.32911392  0.62658228  0.04272152
 0.00237342  0.01740506  0.04351266  0.93670886
 0.00632911  0.00632911  0.02373418  0.96360759
        0.0         0.0  0.97943038  0.02056962
 0.99525316  0.00158228  0.00316456         0.0
        0.0  0.00237342  0.98417722  0.01344937

MOTIF motifs/jangrau/PBM.QNZS/CTCF.NA@PBM.ME@queasy-aquamarine-horse@Halle.Dimont@Motif_2_frompredictions.pcm CTCF CGCCACTAGG
letter-probability matrix: alength= 4 w= 10 nsites= 1272 E= 0
 0.03930818  0.14622642   0.3168239  0.49764151
 0.68867925  0.30031447  0.00943396  0.00157233
        0.0  0.06918239  0.01100629  0.91981132
 0.08962264  0.01650943  0.01257862  0.88128931
 0.24056604   0.5259434  0.06210692  0.17138365
 0.14150943  0.02201258  0.08490566  0.75157233
 0.00393082   0.0259434  0.68081761  0.28930818
        0.0  0.84040881  0.14544025  0.01415094
 0.78301887  0.02987421  0.08018868  0.10691824
 0.60849057  0.05581761  0.29716981  0.03852201

MOTIF motifs/VIGG/SMS/CTCF.NA@SMS@snappy-grey-markhor@autosome-ru.ChIPMunk@topk_k=5_cpm=100000_topk=500.pcm CTCF CCTCTAGGGGGCGCTAG
letter-probability matrix: alength= 4 w= 17 nsites= 377 E= 0
 0.15583554   0.1770557  0.29376658  0.37334218
 0.08753316  0.10875332  0.16710875  0.63660477
 0.25994695  0.27586207  0.32095491  0.14323607
 0.21485411  0.15119363  0.11140584  0.52254642
 0.09814324  0.14588859  0.53580902  0.22015915
 0.12997347  0.68435013  0.12732095  0.05835544
 0.83023873  0.06100796   0.0530504  0.05570292
 0.65251989  0.24668435   0.0795756  0.02122016
 0.69230769   0.0265252  0.25729443  0.02387268
 0.94960212  0.00265252  0.01061008  0.03713528
 0.86737401  0.03713528  0.07161804  0.02387268
   0.066313  0.09018568  0.06366048  0.77984085
 0.77984085   0.1193634  0.05835544  0.04244032
 0.20159151  0.13262599  0.23342175  0.43236074
 0.18302387  0.20424403  0.43236074  0.18037135
 0.29442971  0.40318302  0.14854111  0.15384615
 0.29575597  0.20026525  0.29575597  0.20822281

MOTIF motifs/VIGG/SMS/CTCF.NA@SMS@snappy-grey-markhor@autosome-ru.ChIPMunk@topk_k=5_cpm=100000_topk=2000.pcm CTCF GTCACCC
letter-probability matrix: alength= 4 w= 7 nsites= 920 E= 0
 0.27934783  0.21413043  0.24130435  0.26521739
        0.0         0.0         1.0         0.0
        0.0         0.0         0.0         1.0
        0.0         1.0         0.0         0.0
 0.26413043  0.30326087         0.0   0.4326087
 0.10869565  0.42717391  0.00434783  0.45978261
 0.25244565  0.26440217  0.20788043  0.27527174

MOTIF motifs/VIGG/SMS/CTCF.NA@SMS@snappy-grey-markhor@autosome-ru.ChIPMunk@topk_k=5_cpm=100000_topk=1000.pcm CTCF GCGCCCCCTAGAGG
letter-probability matrix: alength= 4 w= 14 nsites= 560 E= 0
   0.315625  0.24776786  0.22098214    0.215625
     0.0625  0.07857143  0.19107143  0.66785714
 0.60892857  0.13392857  0.17142857  0.08571429
 0.04464286  0.07857143      0.0625  0.81428571
      0.025  0.03035714  0.01964286       0.925
 0.02678571         0.3  0.00892857  0.66428571
 0.04285714         0.0  0.27321429  0.68392857
     0.0125  0.04107143  0.09464286  0.85178571
 0.01607143  0.13392857  0.73392857  0.11607143
 0.18928571  0.57857143  0.13392857  0.09821429
     0.5375  0.09821429  0.12321429  0.24107143
 0.07678571  0.37142857  0.29107143  0.26071429
 0.61830357  0.15044643  0.12544643  0.10580357
 0.35401786  0.28080357  0.18616071  0.17901786

MOTIF motifs/VIGG/PBM/CTCF.NA@PBM.ME@queasy-aquamarine-horse@VIGG.ChIPMunk@s_8-15_flat.pcm CTCF AGCGCAATAT
letter-probability matrix: alength= 4 w= 10 nsites= 542 E= 0
 0.24493554  0.30570902  0.26519337  0.18416206
 0.40699816  0.37569061  0.02025783  0.19705341
        0.0  0.31491713         0.0  0.68508287
        1.0         0.0         0.0         0.0
        0.0  0.33517495  0.08839779  0.57642726
        0.0  0.49171271  0.07918969  0.42909761
        0.0  0.49723757  0.18968692  0.31307551
        0.0  0.31123389  0.40515654  0.28360958
        0.0  0.34254144  0.32965009  0.32780847
 0.18416206  0.23941068  0.33517495   0.2412523

MOTIF motifs/VIGG/PBM/CTCF.NA@PBM.ME@bluesy-corn-whale@VIGG.ChIPMunk@s_8-15_flat.pcm CTCF AAATAATGTT
letter-probability matrix: alength= 4 w= 10 nsites= 628 E= 0
 0.20985692   0.3481717  0.21939587  0.22257552
 0.13672496  0.55325914  0.01430843  0.29570747
 0.15580286  0.45468998  0.24165342  0.14785374
 0.06677266    0.354531  0.44833068  0.13036566
        0.0         1.0         0.0         0.0
 0.24324324  0.75675676         0.0         0.0
        0.0         0.0  0.82670906  0.17329094
 0.56597774  0.18918919  0.07472178  0.17011129
 0.28298887         0.0  0.40540541  0.31160572
 0.27027027  0.23847377   0.2718601  0.21939587
